   0.0000000000000000        1.0000000000000000E-002   1.9869176531590720     
   8.9999999999999997E-002   1.9865000000000002        1.9869179595669444     
  0.17999999999999999        1.9865000000000002        1.9869188787906078     
  0.27000000000000002        1.9865000000000002        1.9869204108318066     
  0.35999999999999999        1.9865000000000002        1.9869225556931127     
  0.45000000000000007        1.9865000000000002        1.9869253133781704     
  0.54000000000000004        1.9865000000000002        1.9869286838916616     
  0.63000000000000000        1.9865000000000002        1.9869326672393062     
  0.71999999999999997        1.9865000000000002        1.9869372634278517     
  0.81000000000000005        1.9865000000000002        1.9869424724651024     
  0.90000000000000013        1.9865000000000002        1.9869482943598968     
  0.99000000000000010        1.9865000000000002        1.9869547291220950     
   1.0800000000000001        1.9865000000000002        1.9869617767626340     
   1.1699999999999999        1.9865000000000002        1.9869694372934634     
   1.2600000000000000        1.9865000000000002        1.9869777107275775     
   1.3500000000000001        1.9865000000000002        1.9869865970790046     
   1.4399999999999999        1.9865000000000002        1.9869960963628410     
   1.5300000000000000        1.9865000000000002        1.9870062085951785     
   1.6200000000000001        1.9865000000000002        1.9870169337931929     
   1.7100000000000000        1.9870000000000001        1.9870282719750643     
   1.8000000000000003        1.9870000000000001        1.9870402231600386     
   1.8899999999999997        1.9870000000000001        1.9870527873683916     
   1.9800000000000002        1.9870000000000001        1.9870659646214508     
   2.0700000000000003        1.9870000000000001        1.9870797549415560     
   2.1600000000000001        1.9870000000000001        1.9870941583521222     
   2.2500000000000000        1.9870000000000001        1.9871091748775802     
   2.3399999999999999        1.9870000000000001        1.9871248045434122     
   2.4299999999999997        1.9870000000000001        1.9871410473761413     
   2.5200000000000000        1.9870000000000001        1.9871579034033391     
   2.6099999999999999        1.9870000000000001        1.9871753726535992     
   2.7000000000000002        1.9870000000000001        1.9871934551565733     
   2.7900000000000000        1.9870000000000001        1.9872121509429537     
   2.8799999999999999        1.9870000000000001        1.9872314600444565     
   2.9700000000000002        1.9870000000000001        1.9872513824938687     
   3.0600000000000001        1.9870000000000001        1.9872719183249981     
   3.1499999999999999        1.9870000000000001        1.9872930675726990     
   3.2400000000000002        1.9870000000000001        1.9873148302728723     
   3.3299999999999996        1.9870000000000001        1.9873372064624624     
   3.4199999999999999        1.9870000000000001        1.9873601961794412     
   3.5099999999999998        1.9870000000000001        1.9873837994628558     
   3.6000000000000005        1.9870000000000001        1.9874080163527590     
   3.6899999999999999        1.9870000000000001        1.9874328468902769     
   3.7799999999999994        1.9870000000000001        1.9874582911175624     
   3.8700000000000001        1.9870000000000001        1.9874843490778098     
   3.9600000000000004        1.9870000000000001        1.9875110208152769     
   4.0499999999999989        1.9875000000000000        1.9875383063752385     
   4.1400000000000006        1.9875000000000000        1.9875662058040415     
   4.2299999999999995        1.9875000000000000        1.9875947191490564     
   4.3200000000000003        1.9875000000000000        1.9876238464587144     
   4.4100000000000001        1.9875000000000000        1.9876535877824641     
   4.5000000000000000        1.9875000000000000        1.9876839431708506     
   4.5899999999999999        1.9875000000000000        1.9877149126754132     
   4.6799999999999997        1.9875000000000000        1.9877464963487528     
   4.7700000000000005        1.9875000000000000        1.9877786942445315     
   4.8599999999999994        1.9875000000000000        1.9878115064174475     
   4.9500000000000011        1.9875000000000000        1.9878449329232448     
   5.0400000000000000        1.9875000000000000        1.9878789738186995     
   5.1299999999999999        1.9875000000000000        1.9879136291616668     
   5.2199999999999998        1.9875000000000000        1.9879488990110450     
   5.3099999999999996        1.9875000000000000        1.9879847834267270     
   5.4000000000000004        1.9880000000000000        1.9880212824697359     
   5.4900000000000002        1.9880000000000000        1.9880583962020804     
   5.5800000000000001        1.9880000000000000        1.9880961246868336     
   5.6699999999999999        1.9880000000000000        1.9881344679881556     
   5.7599999999999998        1.9880000000000000        1.9881734261711805     
   5.8499999999999988        1.9880000000000000        1.9882129993021589     
   5.9400000000000004        1.9880000000000000        1.9882531874483713     
   6.0300000000000002        1.9880000000000000        1.9882939906781325     
   6.1200000000000001        1.9880000000000000        1.9883354090608196     
   6.2100000000000009        1.9880000000000000        1.9883774426668746     
   6.2999999999999998        1.9880000000000000        1.9884200915677663     
   6.3899999999999997        1.9880000000000000        1.9884633558360161     
   6.4800000000000004        1.9880000000000000        1.9885072355452296     
   6.5700000000000012        1.9885000000000002        1.9885517307700267     
   6.6599999999999993        1.9885000000000002        1.9885968415861048     
   6.7500000000000000        1.9885000000000002        1.9886425680701962     
   6.8399999999999999        1.9885000000000002        1.9886889103000913     
   6.9299999999999997        1.9885000000000002        1.9887358683546588     
   7.0199999999999996        1.9885000000000002        1.9887834423137818     
   7.1100000000000003        1.9885000000000002        1.9888316322584234     
   7.2000000000000011        1.9885000000000002        1.9888804382705871     
   7.2900000000000000        1.9885000000000002        1.9889298604333603     
   7.3799999999999999        1.9885000000000002        1.9889798988308511     
   7.4699999999999998        1.9890000000000001        1.9890305535482435     
   7.5599999999999987        1.9890000000000001        1.9890818246717796     
   7.6499999999999995        1.9890000000000001        1.9891337122887354     
   7.7400000000000002        1.9890000000000001        1.9891862164874681     
   7.8299999999999992        1.9890000000000001        1.9892393373573887     
   7.9200000000000008        1.9890000000000001        1.9892930749889619     
   8.0099999999999998        1.9890000000000001        1.9893474294737163     
   8.0999999999999979        1.9890000000000001        1.9894024009042368     
   8.1899999999999995        1.9890000000000001        1.9894579893741573     
   8.2800000000000011        1.9890000000000001        1.9895141949782040     
   8.3699999999999992        1.9895000000000000        1.9895710178121140     
   8.4599999999999991        1.9895000000000000        1.9896284579727248     
   8.5500000000000007        1.9895000000000000        1.9896865155579357     
   8.6400000000000006        1.9895000000000000        1.9897451906666801     
   8.7300000000000004        1.9895000000000000        1.9898044833989728     
   8.8200000000000003        1.9895000000000000        1.9898643938558924     
   8.9099999999999984        1.9895000000000000        1.9899249221395781     
   9.0000000000000000        1.9895000000000000        1.9899860683532191     
   9.0900000000000016        1.9900000000000002        1.9900478326011075     
   9.1799999999999997        1.9900000000000002        1.9901102149885515     
   9.2699999999999996        1.9900000000000002        1.9901732156219556     
   9.3599999999999994        1.9900000000000002        1.9902368346087802     
   9.4499999999999993        1.9900000000000002        1.9903010720575638     
   9.5400000000000009        1.9900000000000002        1.9903659280778900     
   9.6300000000000008        1.9900000000000002        1.9904314027804377     
   9.7199999999999989        1.9900000000000002        1.9904974962769311     
   9.8100000000000005        1.9905000000000002        1.9905642086801694     
   9.9000000000000021        1.9905000000000002        1.9906315401040262     
   9.9900000000000002        1.9905000000000002        1.9906994906634361     
   10.080000000000000        1.9905000000000002        1.9907680604744269     
   10.170000000000000        1.9905000000000002        1.9908372496540592     
   10.260000000000000        1.9905000000000002        1.9909070583205049     
   10.350000000000000        1.9905000000000002        1.9909774865929610     
   10.440000000000000        1.9910000000000001        1.9910485345917492     
   10.529999999999999        1.9910000000000001        1.9911202024382453     
   10.619999999999999        1.9910000000000001        1.9911924902548632     
   10.709999999999999        1.9910000000000001        1.9912653981651578     
   10.800000000000001        1.9910000000000001        1.9913389262937049     
   10.890000000000001        1.9910000000000001        1.9914130747661745     
   10.980000000000000        1.9910000000000001        1.9914878437093153     
   11.070000000000000        1.9914999999999998        1.9915632332509488     
   11.160000000000000        1.9914999999999998        1.9916392435199846     
   11.250000000000000        1.9914999999999998        1.9917158746464019     
   11.340000000000000        1.9914999999999998        1.9917931267612365     
   11.430000000000000        1.9914999999999998        1.9918709999966402     
   11.520000000000000        1.9914999999999998        1.9919494944858456     
   11.610000000000001        1.9920000000000002        1.9920286103631273     
   11.699999999999998        1.9920000000000002        1.9921083477638661     
   11.789999999999999        1.9920000000000002        1.9921887068245421     
   11.880000000000001        1.9920000000000002        1.9922696876826902     
   11.970000000000001        1.9920000000000002        1.9923512904769312     
   12.060000000000000        1.9920000000000002        1.9924335153469921     
   12.150000000000000        1.9920000000000002        1.9925163624336513     
   12.240000000000000        1.9925000000000002        1.9925998318788103     
   12.330000000000002        1.9925000000000002        1.9926839238254266     
   12.420000000000002        1.9925000000000002        1.9927686384175498     
   12.509999999999998        1.9925000000000002        1.9928539758003356     
   12.600000000000000        1.9925000000000002        1.9929399361200100     
   12.690000000000000        1.9929999999999999        1.9930265195238932     
   12.779999999999999        1.9929999999999999        1.9931137261604015     
   12.869999999999999        1.9929999999999999        1.9932015561790222     
   12.960000000000001        1.9929999999999999        1.9932900097303667     
   13.050000000000001        1.9929999999999999        1.9933790869660997     
   13.140000000000002        1.9929999999999999        1.9934687880390194     
   13.230000000000002        1.9934999999999998        1.9935591131029671     
   13.319999999999999        1.9934999999999998        1.9936500623129385     
   13.410000000000000        1.9934999999999998        1.9937416358249742     
   13.500000000000000        1.9934999999999998        1.9938338337962260     
   13.590000000000000        1.9934999999999998        1.9939266563849725     
   13.680000000000000        1.9934999999999998        1.9940201037505307     
   13.770000000000000        1.9940000000000002        1.9941141760533654     
   13.859999999999999        1.9940000000000002        1.9942088734550332     
   13.949999999999999        1.9940000000000002        1.9943041961181545     
   14.039999999999999        1.9940000000000002        1.9944001442064951     
   14.129999999999999        1.9940000000000002        1.9944967178848985     
   14.220000000000001        1.9944999999999999        1.9945939173193119     
   14.310000000000000        1.9944999999999999        1.9946917426768005     
   14.400000000000002        1.9944999999999999        1.9947901941255064     
   14.489999999999998        1.9944999999999999        1.9948892718347049     
   14.580000000000000        1.9944999999999999        1.9949889759747441     
   14.670000000000000        1.9949999999999999        1.9950893067171167     
   14.760000000000000        1.9949999999999999        1.9951902642344022     
   14.849999999999998        1.9949999999999999        1.9952918487002855     
   14.940000000000000        1.9949999999999999        1.9953940602895586     
   15.030000000000001        1.9949999999999999        1.9954968991781394     
   15.119999999999997        1.9955000000000003        1.9956003655430459     
   15.210000000000003        1.9955000000000003        1.9957044595623967     
   15.299999999999999        1.9955000000000003        1.9958091814154528     
   15.390000000000001        1.9955000000000003        1.9959145312825579     
   15.480000000000000        1.9960000000000000        1.9960205093451817     
   15.570000000000000        1.9960000000000000        1.9961271157859188     
   15.659999999999998        1.9960000000000000        1.9962343507884575     
   15.750000000000000        1.9960000000000000        1.9963422145376273     
   15.840000000000002        1.9960000000000000        1.9964507072193531     
   15.929999999999998        1.9964999999999999        1.9965598290207049     
   16.020000000000000        1.9964999999999999        1.9966695801298404     
   16.109999999999999        1.9964999999999999        1.9967799607360792     
   16.199999999999996        1.9964999999999999        1.9968909710298046     
   16.289999999999999        1.9964999999999999        1.9970026112025880     
   16.379999999999999        1.9969999999999999        1.9971148814470778     
   16.469999999999999        1.9969999999999999        1.9972277819570596     
   16.560000000000002        1.9969999999999999        1.9973413129274533     
   16.649999999999999        1.9969999999999999        1.9974554745542914     
   16.739999999999998        1.9975000000000001        1.9975702670347431     
   16.829999999999998        1.9975000000000001        1.9976856905671196     
   16.919999999999998        1.9975000000000001        1.9978017453508166     
   17.010000000000002        1.9975000000000001        1.9979184315864158     
   17.100000000000001        1.9980000000000000        1.9980357494755812     
   17.190000000000001        1.9980000000000000        1.9981536992211377     
   17.280000000000001        1.9980000000000000        1.9982722810270606     
   17.370000000000001        1.9980000000000000        1.9983914950984032     
   17.460000000000001        1.9980000000000000        1.9985113416414202     
   17.550000000000001        1.9984999999999999        1.9986318208634366     
   17.640000000000001        1.9984999999999999        1.9987529329729794     
   17.730000000000000        1.9984999999999999        1.9988746781796549     
   17.819999999999997        1.9984999999999999        1.9989970566942630     
   17.910000000000000        1.9990000000000001        1.9991200687287050     
   18.000000000000000        1.9990000000000001        1.9992437144960373     
   18.090000000000000        1.9990000000000001        1.9993679942104694     
   18.180000000000003        1.9990000000000001        1.9994929080873454     
   18.270000000000000        1.9995000000000001        1.9996184563431376     
   18.359999999999999        1.9995000000000001        1.9997446391954943     
   18.449999999999999        1.9995000000000001        1.9998714568631979     
   18.539999999999999        1.9995000000000001        1.9999989095661708     
   18.629999999999999        2.0000000000000000        2.0001269975254985     
   18.719999999999999        2.0000000000000000        2.0002557209634144     
   18.809999999999999        2.0000000000000000        2.0003850801032881     
   18.899999999999999        2.0000000000000000        2.0005150751696634     
   18.989999999999998        2.0005263157894735        2.0006457063882297     
   19.080000000000002        2.0005263157894735        2.0007769739858312     
   19.170000000000002        2.0005263157894735        2.0009088781904558     
   19.260000000000002        2.0005263157894735        2.0010414192312727     
   19.350000000000001        2.0010526315789474        2.0011745973386001     
   19.439999999999998        2.0010526315789474        2.0013084127438998     
   19.530000000000001        2.0010526315789474        2.0014428656798100     
   19.620000000000001        2.0010526315789474        2.0015779563801455     
   19.710000000000001        2.0015789473684209        2.0017136850798400     
   19.800000000000004        2.0015789473684209        2.0018500520150440     
   19.890000000000001        2.0015789473684209        2.0019870574230350     
   19.980000000000000        2.0015789473684209        2.0021247015422738     
   20.070000000000000        2.0021052631578948        2.0022629846123889     
   20.160000000000000        2.0021052631578948        2.0024019068741703     
   20.250000000000000        2.0021052631578948        2.0025414685695750     
   20.340000000000000        2.0026315789473688        2.0026816699417611     
   20.430000000000000        2.0026315789473688        2.0028225112350158     
   20.520000000000000        2.0026315789473688        2.0029639926948413     
   20.609999999999999        2.0026315789473688        2.0031061145678839     
   20.699999999999999        2.0031578947368422        2.0032488771019907     
   20.789999999999999        2.0031578947368422        2.0033922805461644     
   20.879999999999999        2.0031578947368422        2.0035363251506006     
   20.969999999999999        2.0031578947368422        2.0036810111666723     
   21.059999999999999        2.0036842105263157        2.0038263388469439     
   21.149999999999999        2.0036842105263157        2.0039723084451393     
   21.239999999999998        2.0036842105263157        2.0041189202161913     
   21.329999999999998        2.0042105263157892        2.0042661744161907     
   21.419999999999998        2.0042105263157892        2.0044140713024485     
   21.510000000000002        2.0042105263157892        2.0045626111334505     
   21.600000000000001        2.0042105263157892        2.0047117941688435     
   21.690000000000001        2.0047368421052632        2.0048616206695189     
   21.780000000000001        2.0047368421052632        2.0050120908975146     
   21.870000000000001        2.0047368421052632        2.0051632051160833     
   21.960000000000001        2.0052631578947371        2.0053149635896608     
   22.050000000000001        2.0052631578947371        2.0054673665839071     
   22.140000000000001        2.0052631578947371        2.0056204143656404     
   22.230000000000000        2.0052631578947371        2.0057741072029009     
   22.320000000000000        2.0057894736842106        2.0059284453649240     
   22.410000000000000        2.0057894736842106        2.0060834291221532     
   22.500000000000000        2.0057894736842106        2.0062390587462251     
   22.590000000000000        2.0063157894736841        2.0063953345099876     
   22.680000000000000        2.0063157894736841        2.0065522566874825     
   22.770000000000000        2.0063157894736841        2.0067098255539855     
   22.859999999999999        2.0068421052631580        2.0068680413859434     
   22.949999999999999        2.0068421052631580        2.0070269044610436     
   23.039999999999999        2.0068421052631580        2.0071864150581797     
   23.130000000000003        2.0068421052631580        2.0073465734574456     
   23.220000000000002        2.0073684210526315        2.0075073799401588     
   23.309999999999995        2.0073684210526315        2.0076688347888458     
   23.399999999999995        2.0073684210526315        2.0078309382872708     
   23.489999999999998        2.0078947368421054        2.0079936907203808     
   23.579999999999998        2.0078947368421054        2.0081570923743897     
   23.670000000000002        2.0078947368421054        2.0083211435366710     
   23.760000000000002        2.0084210526315793        2.0084858444958860     
   23.850000000000001        2.0084210526315793        2.0086511955418795     
   23.940000000000001        2.0084210526315793        2.0088171969657385     
   24.030000000000001        2.0089473684210528        2.0089838490597791     
   24.120000000000001        2.0089473684210528        2.0091511521175360     
   24.210000000000001        2.0089473684210528        2.0093191064337788     
   24.300000000000001        2.0089473684210528        2.0094877123045118     
   24.390000000000001        2.0094736842105263        2.0096569700269762     
   24.480000000000000        2.0094736842105263        2.0098268798996330     
   24.570000000000000        2.0094736842105263        2.0099974422222053     
   24.660000000000004        2.0099999999999998        2.0101686572956319     
   24.750000000000004        2.0099999999999998        2.0103405254221030     
   24.840000000000003        2.0099999999999998        2.0105130469050434     
   24.929999999999996        2.0105263157894737        2.0106862220491246     
   25.019999999999996        2.0105263157894737        2.0108600511602619     
   25.109999999999999        2.0105263157894737        2.0110345345456371     
   25.199999999999999        2.0110526315789472        2.0112096725136306     
   25.289999999999999        2.0110526315789472        2.0113854653739156     
   25.379999999999999        2.0110526315789472        2.0115619134374092     
   25.469999999999999        2.0115789473684211        2.0117390170162679     
   25.559999999999999        2.0115789473684211        2.0119167764239156     
   25.649999999999999        2.0115789473684211        2.0120951919750141     
   25.739999999999998        2.0121052631578951        2.0122742639855078     
   25.829999999999998        2.0121052631578951        2.0124539927725840     
   25.920000000000002        2.0121052631578951        2.0126343786546914     
   26.010000000000002        2.0126315789473685        2.0128154219515371     
   26.100000000000001        2.0126315789473685        2.0129971229841099     
   26.190000000000001        2.0131578947368420        2.0131794820746500     
   26.280000000000005        2.0131578947368420        2.0133624995466666     
   26.370000000000005        2.0131578947368420        2.0135461757249544     
   26.460000000000004        2.0136842105263155        2.0137305109355372     
   26.549999999999997        2.0136842105263155        2.0139155055057651     
   26.639999999999997        2.0136842105263155        2.0141011597642238     
   26.730000000000000        2.0142105263157895        2.0142874740407972     
   26.820000000000000        2.0142105263157895        2.0144744486666331     
   26.910000000000000        2.0142105263157895        2.0146620839741503     
   27.000000000000000        2.0147368421052634        2.0148503802970996     
   27.090000000000000        2.0147368421052634        2.0150393379704266     
   27.180000000000000        2.0147368421052634        2.0152289573304558     
   27.270000000000000        2.0152631578947369        2.0154192387147365     
   27.359999999999999        2.0152631578947369        2.0156101824621215     
   27.449999999999999        2.0152631578947369        2.0158017889127628     
   27.539999999999999        2.0157894736842108        2.0159940584081033     
   27.629999999999999        2.0157894736842108        2.0161869912908750     
   27.719999999999999        2.0163157894736843        2.0163805879050862     
   27.809999999999999        2.0163157894736843        2.0165748485960928     
   27.899999999999999        2.0163157894736843        2.0167697737105028     
   27.989999999999998        2.0168421052631578        2.0169653635962383     
   28.079999999999998        2.0168421052631578        2.0171616186025263     
   28.169999999999998        2.0168421052631578        2.0173585390799160     
   28.259999999999998        2.0173684210526317        2.0175561253802199     
   28.350000000000001        2.0173684210526317        2.0177543778566123     
   28.440000000000001        2.0178947368421056        2.0179532968635412     
   28.530000000000001        2.0178947368421056        2.0181528827567750     
   28.620000000000001        2.0178947368421056        2.0183531358933897     
   28.710000000000001        2.0184210526315791        2.0185540566317957     
   28.800000000000004        2.0184210526315791        2.0187556453317166     
   28.889999999999997        2.0184210526315791        2.0189579023541806     
   28.979999999999997        2.0189473684210526        2.0191608280615458     
   29.070000000000000        2.0189473684210526        2.0193644228175076     
   29.160000000000000        2.0194736842105261        2.0195686869870642     
   29.250000000000000        2.0194736842105261        2.0197736209365433     
   29.340000000000000        2.0194736842105261        2.0199792250336341     
   29.430000000000000        2.0200000000000000        2.0201854996473023     
   29.520000000000000        2.0200000000000000        2.0203924451479094     
   29.610000000000007        2.0205263157894735        2.0206000619071061     
   29.699999999999996        2.0205263157894735        2.0208083502978997     
   29.789999999999996        2.0205263157894735        2.0210173106946185     
   29.879999999999999        2.0210526315789474        2.0212269434729597     
   29.970000000000002        2.0210526315789474        2.0214372490099550     
   30.060000000000002        2.0215789473684214        2.0216482276839680     
   30.149999999999995        2.0215789473684214        2.0218598798747167     
   30.239999999999995        2.0215789473684214        2.0220722059632590     
   30.329999999999995        2.0221052631578948        2.0222852063320427     
   30.420000000000005        2.0221052631578948        2.0224988813648288     
   30.509999999999998        2.0226315789473683        2.0227132314467302     
   30.599999999999998        2.0226315789473683        2.0229282569642546     
   30.690000000000001        2.0226315789473683        2.0231439583052482     
   30.780000000000001        2.0231578947368418        2.0233603358589014     
   30.870000000000001        2.0231578947368418        2.0235773900158045     
   30.960000000000001        2.0236842105263158        2.0237951211678897     
   31.050000000000001        2.0236842105263158        2.0240135297084660     
   31.140000000000001        2.0242105263157897        2.0242326160321977     
   31.230000000000008        2.0242105263157897        2.0244523805351471     
   31.319999999999997        2.0242105263157897        2.0246728236147500     
   31.409999999999997        2.0247368421052632        2.0248939456697763     
   31.500000000000000        2.0247368421052632        2.0251157471004135     
   31.590000000000003        2.0252631578947371        2.0253382283082306     
   31.680000000000003        2.0252631578947371        2.0255613896961688     
   31.769999999999996        2.0252631578947371        2.0257852316685474     
   31.859999999999996        2.0257894736842106        2.0260097546310876     
   31.949999999999996        2.0257894736842106        2.0262349589908908     
   32.039999999999999        2.0263157894736841        2.0264608451564579     
   32.129999999999995        2.0263157894736841        2.0266874135376836     
   32.219999999999999        2.0268421052631580        2.0269146645458491     
   32.310000000000002        2.0268421052631580        2.0271425985936498     
   32.399999999999991        2.0268421052631580        2.0273712160951565     
   32.490000000000002        2.0273684210526319        2.0276005174658720     
   32.579999999999998        2.0273684210526319        2.0278305031226873     
   32.670000000000002        2.0278947368421054        2.0280611734839002     
   32.759999999999998        2.0278947368421054        2.0282925289692213     
   32.850000000000009        2.0284210526315789        2.0285245699998007     
   32.939999999999998        2.0284210526315789        2.0287572969981507     
   33.030000000000001        2.0289473684210528        2.0289907103882276     
   33.120000000000005        2.0289473684210528        2.0292248105954203     
   33.210000000000001        2.0289473684210528        2.0294595980465253     
   33.299999999999997        2.0294736842105263        2.0296950731697372     
   33.390000000000001        2.0294736842105263        2.0299312363947393     
   33.479999999999997        2.0299999999999998        2.0301680881525832     
   33.570000000000000        2.0299999999999998        2.0304056288757866     
   33.659999999999997        2.0305263157894737        2.0306438589982752     
   33.750000000000000        2.0305263157894737        2.0308827789554309     
   33.839999999999996        2.0310526315789477        2.0311223891840573     
   33.930000000000000        2.0310526315789477        2.0313626901224229     
   34.020000000000003        2.0315789473684212        2.0316036822102110     
   34.109999999999999        2.0315789473684212        2.0318453658885653     
   34.200000000000003        2.0315789473684212        2.0320877416000664     
   34.289999999999999        2.0321052631578946        2.0323308097887747     
   34.380000000000003        2.0321052631578946        2.0325745709001550     
   34.469999999999999        2.0326315789473681        2.0328190253811682     
   34.560000000000002        2.0326315789473681        2.0330641736802133     
   34.649999999999999        2.0331578947368421        2.0333100162471465     
   34.740000000000002        2.0331578947368421        2.0335565535333067     
   34.829999999999991        2.0336842105263160        2.0338037859914704     
   34.920000000000002        2.0336842105263160        2.0340517140758982     
   35.009999999999998        2.0342105263157895        2.0343003382423284     
   35.100000000000001        2.0342105263157895        2.0345496589479448     
   35.189999999999998        2.0347368421052634        2.0347996766514456     
   35.280000000000001        2.0347368421052634        2.0350503918129568     
   35.369999999999997        2.0352631578947369        2.0353018048941256     
   35.460000000000001        2.0352631578947369        2.0355539163580620     
   35.549999999999997        2.0352631578947369        2.0358067266693713     
   35.639999999999993        2.0357894736842104        2.0360602362941442     
   35.729999999999997        2.0357894736842104        2.0363144456999445     
   35.820000000000000        2.0363157894736843        2.0365693553558497     
   35.909999999999989        2.0363157894736843        2.0368249657324400     
   36.000000000000000        2.0368421052631582        2.0370812773017675     
   36.090000000000011        2.0368421052631582        2.0373382905374036     
   36.180000000000000        2.0373684210526317        2.0375960059144185     
   36.270000000000003        2.0373684210526317        2.0378544239093892     
   36.360000000000007        2.0378947368421052        2.0381135450003858     
   36.450000000000003        2.0378947368421052        2.0383733696670356     
   36.539999999999999        2.0384210526315791        2.0386338983904229     
   36.630000000000003        2.0384210526315791        2.0388951316531836     
   36.719999999999999        2.0389473684210526        2.0391570699394768     
   36.810000000000002        2.0389473684210526        2.0394197137349499     
   36.899999999999999        2.0394736842105261        2.0396830635268093     
   36.990000000000002        2.0394736842105261        2.0399471198037848     
   37.079999999999998        2.0400000000000000        2.0402118830561151     
   37.170000000000009        2.0400000000000000        2.0404773537756111     
   37.259999999999998        2.0405263157894740        2.0407435324555694     
   37.350000000000001        2.0405263157894740        2.0410104195908554     
   37.439999999999998        2.0410526315789475        2.0412780156778911     
   37.530000000000001        2.0410526315789475        2.0415463212146090     
   37.619999999999997        2.0415789473684209        2.0418153367005170     
   37.710000000000001        2.0415789473684209        2.0420850626366427     
   37.799999999999997        2.0421052631578949        2.0423554995256001     
   37.890000000000001        2.0421052631578949        2.0426266478715283     
   37.979999999999997        2.0426315789473684        2.0428985081801678     
   38.070000000000000        2.0426315789473684        2.0431710809587722     
   38.160000000000004        2.0431578947368423        2.0434443667161797     
   38.250000000000000        2.0436842105263158        2.0437183659628033     
   38.340000000000003        2.0436842105263158        2.0439930792106300     
   38.430000000000000        2.0442105263157897        2.0442685069731952     
   38.520000000000003        2.0442105263157897        2.0445446497656348     
   38.609999999999999        2.0447368421052632        2.0448215081046297     
   38.700000000000003        2.0447368421052632        2.0450990825084983     
   38.789999999999999        2.0452631578947367        2.0453773734971086     
   38.879999999999995        2.0452631578947367        2.0456563815919160     
   38.969999999999999        2.0457894736842106        2.0459361073159550     
   39.060000000000002        2.0457894736842106        2.0462165511938970     
   39.149999999999991        2.0463157894736845        2.0464977137519718     
   39.240000000000002        2.0463157894736845        2.0467795955180259     
   39.329999999999998        2.0468421052631580        2.0470621970215013     
   39.420000000000002        2.0468421052631580        2.0473455187934460     
   39.509999999999998        2.0473684210526315        2.0476295613665276     
   39.600000000000009        2.0478947368421054        2.0479143252750114     
   39.689999999999998        2.0478947368421054        2.0481998110547908     
   39.780000000000001        2.0484210526315789        2.0484860192433643     
   39.870000000000005        2.0484210526315789        2.0487729503798704     
   39.960000000000001        2.0489473684210524        2.0490606050050557     
   40.049999999999997        2.0489473684210524        2.0493489836612908     
   40.140000000000001        2.0494736842105263        2.0496380868925987     
   40.229999999999997        2.0494736842105263        2.0499279152446226     
   40.320000000000000        2.0500000000000003        2.0502184692646428     
   40.409999999999997        2.0500000000000003        2.0505097495015692     
   40.500000000000000        2.0505263157894738        2.0508017565059831     
   40.590000000000003        2.0510526315789472        2.0510944908300717     
   40.680000000000000        2.0510526315789472        2.0513879530277341     
   40.770000000000010        2.0515789473684212        2.0516821436544581     
   40.859999999999999        2.0515789473684212        2.0519770632674144     
   40.949999999999996        2.0521052631578947        2.0522727124254589     
   41.039999999999999        2.0521052631578947        2.0525690916890378     
   41.129999999999995        2.0526315789473686        2.0528662016203558     
   41.219999999999999        2.0526315789473686        2.0531640427832190     
   41.310000000000002        2.0531578947368421        2.0534626157431242     
   41.399999999999999        2.0536842105263160        2.0537619210672649     
   41.490000000000002        2.0536842105263160        2.0540619593244838     
   41.579999999999998        2.0542105263157895        2.0543627310853410     
   41.670000000000002        2.0542105263157895        2.0546642369220334     
   41.759999999999998        2.0547368421052630        2.0549664774084904     
   41.850000000000001        2.0547368421052630        2.0552694531203075     
   41.939999999999998        2.0552631578947369        2.0555731646348097     
   42.030000000000001        2.0557894736842108        2.0558776125309852     
   42.119999999999997        2.0557894736842108        2.0561827973895257     
   42.210000000000001        2.0563157894736843        2.0564887197928567     
   42.299999999999997        2.0563157894736843        2.0567953803251058     
   42.390000000000001        2.0568421052631578        2.0571027795721006     
   42.479999999999997        2.0573684210526317        2.0574109181213851     
   42.570000000000000        2.0573684210526317        2.0577197965622394     
   42.659999999999997        2.0578947368421052        2.0580294154856573     
   42.750000000000000        2.0578947368421052        2.0583397754843502     
   42.839999999999996        2.0584210526315787        2.0586508771527781     
   42.930000000000000        2.0584210526315787        2.0589627210871306     
   43.020000000000003        2.0589473684210526        2.0592753078853225     
   43.109999999999999        2.0594736842105266        2.0595886381470221     
   43.200000000000003        2.0594736842105266        2.0599027124736389     
   43.289999999999999        2.0600000000000001        2.0602175314683313     
   43.380000000000003        2.0600000000000001        2.0605330957360177     
   43.469999999999999        2.0605263157894735        2.0608494058833462     
   43.560000000000002        2.0610526315789475        2.0611664625187451     
   43.649999999999999        2.0610526315789475        2.0614842662524140     
   43.740000000000002        2.0615789473684210        2.0618028176962864     
   43.829999999999998        2.0621052631578949        2.0621221174641104     
   43.920000000000002        2.0621052631578949        2.0624421661713668     
   44.009999999999998        2.0626315789473684        2.0627629644353247     
   44.100000000000001        2.0626315789473684        2.0630845128750570     
   44.189999999999998        2.0631578947368423        2.0634068121113929     
   44.280000000000001        2.0636842105263158        2.0637298627669698     
   44.369999999999997        2.0636842105263158        2.0640536654662043     
   44.460000000000001        2.0642105263157893        2.0643782208353016     
   44.550000000000004        2.0642105263157893        2.0647035295023013     
   44.640000000000001        2.0647368421052632        2.0650295920970101     
   44.730000000000004        2.0652631578947371        2.0653564092510597     
   44.820000000000000        2.0652631578947371        2.0656839815978940     
   44.910000000000004        2.0657894736842106        2.0660123097727614     
   45.000000000000000        2.0663157894736841        2.0663413944127464     
   45.090000000000003        2.0663157894736841        2.0666712361567283     
   45.180000000000000        2.0668421052631580        2.0670018356454345     
   45.270000000000003        2.0668421052631580        2.0673331935214287     
   45.359999999999999        2.0673684210526315        2.0676653104290921     
   45.450000000000003        2.0678947368421050        2.0679981870146515     
   45.539999999999999        2.0678947368421050        2.0683318239261728     
   45.630000000000003        2.0684210526315794        2.0686662218135705     
   45.719999999999999        2.0689473684210529        2.0690013813286212     
   45.810000000000002        2.0689473684210529        2.0693373031249296     
   45.899999999999999        2.0694736842105264        2.0696739878579633     
   45.990000000000002        2.0694736842105264        2.0700114361850850     
   46.079999999999998        2.0699999999999998        2.0703496487654931     
   46.170000000000002        2.0705263157894738        2.0706886262602651     
   46.260000000000005        2.0705263157894738        2.0710283693323364     
   46.350000000000001        2.0710526315789473        2.0713688786465445     
   46.440000000000005        2.0715789473684212        2.0717101548695975     
   46.530000000000001        2.0715789473684212        2.0720521986700953     
   46.619999999999990        2.0721052631578947        2.0723950107185223     
   46.710000000000001        2.0726315789473686        2.0727385916872554     
   46.799999999999990        2.0726315789473686        2.0730829422505872     
   46.890000000000001        2.0731578947368421        2.0734280630846911     
   46.979999999999997        2.0736842105263156        2.0737739548676597     
   47.070000000000000        2.0736842105263156        2.0741206182794953     
   47.159999999999997        2.0742105263157895        2.0744680540021188     
   47.250000000000000        2.0747368421052634        2.0748162627193691     
   47.340000000000003        2.0747368421052634        2.0751652451170037     
   47.430000000000000        2.0752631578947369        2.0755150018826987     
   47.520000000000003        2.0757894736842104        2.0758655337061058     
   47.609999999999999        2.0757894736842104        2.0762168412787667     
   47.700000000000003        2.0763157894736843        2.0765689252941839     
   47.790000000000006        2.0768421052631578        2.0769217864478002     
   47.880000000000003        2.0768421052631578        2.0772754254370169     
   47.970000000000006        2.0773684210526313        2.0776298429611684     
   48.060000000000002        2.0778947368421057        2.0779850397215789     
   48.149999999999991        2.0778947368421057        2.0783410164215033     
   48.240000000000002        2.0784210526315792        2.0786977737661982     
   48.329999999999991        2.0789473684210527        2.0790553124628692     
   48.420000000000002        2.0789473684210527        2.0794136332206765     
   48.509999999999991        2.0794736842105261        2.0797727367508196     
   48.600000000000001        2.0800000000000001        2.0801326237664330     
   48.689999999999998        2.0800000000000001        2.0804932949826460     
   48.780000000000001        2.0805263157894736        2.0808547511166156     
   48.869999999999997        2.0810526315789475        2.0812169928874744     
   48.960000000000001        2.0810526315789475        2.0815800210163262     
   49.049999999999997        2.0815789473684214        2.0819438362263467     
   49.140000000000001        2.0821052631578949        2.0823084392426758     
   49.229999999999997        2.0826315789473684        2.0826738307924950     
   49.320000000000007        2.0826315789473684        2.0830400116049863     
   49.409999999999997        2.0831578947368419        2.0834069824113812     
   49.500000000000007        2.0836842105263158        2.0837747439449172     
   49.590000000000003        2.0836842105263158        2.0841432969408809     
   49.680000000000007        2.0842105263157897        2.0845126421366005     
   49.770000000000003        2.0847368421052632        2.0848827802714438     
   49.859999999999992        2.0847368421052632        2.0852537120868360     
   49.950000000000003        2.0852631578947367        2.0856254383262423     
   50.039999999999992        2.0857894736842106        2.0859979597351868     
   50.130000000000003        2.0863157894736841        2.0863712770612755     
   50.219999999999999        2.0863157894736841        2.0867453910541616     
   50.310000000000002        2.0868421052631576        2.0871203024655864     
   50.399999999999999        2.0873684210526320        2.0874960120493697     
   50.490000000000002        2.0873684210526320        2.0878725205613828     
   50.579999999999998        2.0878947368421055        2.0882498287596314     
   50.670000000000002        2.0884210526315790        2.0886279374041905     
   50.759999999999998        2.0889473684210524        2.0890068472572185     
   50.850000000000001        2.0889473684210524        2.0893865590830094     
   50.939999999999998        2.0894736842105264        2.0897670736479323     
   51.030000000000008        2.0899999999999999        2.0901483917204859     
   51.119999999999997        2.0899999999999999        2.0905305140712684     
   51.210000000000008        2.0905263157894738        2.0909134414730399     
   51.299999999999997        2.0910526315789477        2.0912971747006259     
   51.389999999999993        2.0915789473684212        2.0916817145310427     
   51.479999999999997        2.0915789473684212        2.0920670617434092     
   51.569999999999993        2.0921052631578947        2.0924532171190009     
   51.659999999999997        2.0926315789473682        2.0928401814412330     
   51.749999999999993        2.0931578947368421        2.0932279554956752     
   51.840000000000003        2.0931578947368421        2.0936165400700530     
   51.930000000000000        2.0936842105263160        2.0940059359542560     
   52.020000000000003        2.0942105263157895        2.0943961439403407     
   52.109999999999999        2.0947368421052635        2.0947871648225371     
   52.200000000000003        2.0947368421052635        2.0951789993972585     
   52.289999999999999        2.0952631578947369        2.0955716484630900     
   52.380000000000003        2.0957894736842104        2.0959651128208030     
   52.469999999999999        2.0963157894736839        2.0963593932733819     
   52.560000000000009        2.0963157894736839        2.0967544906259921     
   52.649999999999999        2.0968421052631583        2.0971504056860177     
   52.740000000000009        2.0973684210526318        2.0975471392630252     
   52.829999999999998        2.0978947368421053        2.0979446921688321     
   52.920000000000009        2.0978947368421053        2.0983430652174442     
   53.009999999999998        2.0984210526315787        2.0987422592251130     
   53.099999999999994        2.0989473684210527        2.0991422750103195     
   53.189999999999998        2.0994736842105262        2.0995431133937550     
   53.279999999999994        2.0994736842105262        2.0999447751983986     
   53.369999999999997        2.1000000000000001        2.1003472612494272     
   53.460000000000001        2.1005263157894740        2.1007505723743201     
   53.549999999999997        2.1010526315789475        2.1011547094027656     
   53.640000000000001        2.1010526315789475        2.1015596731667530     
   53.729999999999997        2.1015789473684210        2.1019654645005232     
   53.820000000000000        2.1021052631578945        2.1023720842405842     
   53.909999999999997        2.1026315789473684        2.1027795332257422     
   54.000000000000000        2.1031578947368423        2.1031878122970871     
   54.090000000000003        2.1031578947368423        2.1035969222979767     
   54.180000000000000        2.1036842105263158        2.1040068640741043     
   54.270000000000010        2.1042105263157898        2.1044176384734405     
   54.359999999999999        2.1047368421052632        2.1048292463462590     
   54.450000000000010        2.1047368421052632        2.1052416885451666     
   54.539999999999999        2.1052631578947367        2.1056549659250874     
   54.629999999999995        2.1055555555555556        2.1060690793432366     
   54.719999999999999        2.1061111111111113        2.1064840296592102     
   54.809999999999995        2.1066666666666669        2.1068998177349196     
   54.899999999999999        2.1072222222222221        2.1073164444346220     
   54.989999999999995        2.1072222222222221        2.1077339106249138     
   55.079999999999998        2.1077777777777778        2.1081522171747524     
   55.170000000000002        2.1083333333333334        2.1085713649554534     
   55.259999999999998        2.1088888888888890        2.1089913548407098     
   55.350000000000001        2.1088888888888890        2.1094121877065635     
   55.439999999999998        2.1094444444444442        2.1098338644314638     
   55.530000000000001        2.1100000000000003        2.1102563858962302     
   55.619999999999997        2.1105555555555555        2.1106797529840540     
   55.710000000000001        2.1105555555555555        2.1111039665805582     
   55.799999999999997        2.1111111111111112        2.1115290275737468     
   55.890000000000001        2.1116666666666664        2.1119549368540307     
   55.979999999999997        2.1122222222222224        2.1123816953142427     
   56.070000000000000        2.1127777777777776        2.1128093038496338     
   56.159999999999997        2.1127777777777776        2.1132377633578785     
   56.250000000000000        2.1133333333333333        2.1136670747390776     
   56.339999999999996        2.1138888888888889        2.1140972388958059     
   56.430000000000000        2.1144444444444446        2.1145282567330348     
   56.519999999999996        2.1144444444444446        2.1149601291582085     
   56.609999999999999        2.1150000000000002        2.1153928570812361     
   56.700000000000003        2.1155555555555554        2.1158264414144776     
   56.789999999999999        2.1161111111111115        2.1162608830727834     
   56.880000000000003        2.1166666666666667        2.1166961829734556     
   56.969999999999999        2.1166666666666667        2.1171323420362715     
   57.060000000000002        2.1172222222222223        2.1175693611835569     
   57.149999999999999        2.1177777777777775        2.1180072413400599     
   57.240000000000002        2.1183333333333336        2.1184459834330687     
   57.329999999999998        2.1183333333333336        2.1188855883923812     
   57.420000000000002        2.1188888888888888        2.1193260571502845     
   57.509999999999998        2.1194444444444445        2.1197673906416337     
   57.600000000000009        2.1200000000000001        2.1202095898037547     
   57.689999999999998        2.1205555555555557        2.1206526555765368     
   57.779999999999994        2.1205555555555557        2.1210965889024362     
   57.869999999999997        2.1211111111111109        2.1215413907264016     
   57.959999999999994        2.1216666666666666        2.1219870619959731     
   58.049999999999997        2.1222222222222222        2.1224336036612468     
   58.140000000000001        2.1227777777777779        2.1228810166748739     
   58.229999999999997        2.1227777777777779        2.1233293019920891     
   58.320000000000000        2.1233333333333331        2.1237784605707146     
   58.410000000000011        2.1238888888888892        2.1242284933711360     
   58.500000000000000        2.1244444444444444        2.1246794013563655     
   58.589999999999989        2.1250000000000000        2.1251311854919770     
   58.680000000000000        2.1255555555555556        2.1255838467461947     
   58.769999999999989        2.1255555555555556        2.1260373860898296     
   58.859999999999999        2.1261111111111113        2.1264918044963208     
   58.950000000000003        2.1266666666666669        2.1269471029417595     
   59.039999999999999        2.1272222222222221        2.1274032824048099     
   59.130000000000003        2.1277777777777782        2.1278603438668497     
   59.220000000000013        2.1277777777777782        2.1283182883118625     
   59.310000000000002        2.1283333333333334        2.1287771167265195     
   59.399999999999991        2.1288888888888891        2.1292368301001132     
   59.490000000000002        2.1294444444444443        2.1296974294246440     
   59.579999999999991        2.1300000000000003        2.1301589156947722     
   59.670000000000002        2.1305555555555555        2.1306212899078374     
   59.759999999999998        2.1305555555555555        2.1310845530639022     
   59.850000000000001        2.1311111111111112        2.1315487061656908     
   59.940000000000005        2.1316666666666664        2.1320137502186545     
   60.030000000000008        2.1322222222222225        2.1324796862309503     
   60.120000000000005        2.1327777777777777        2.1329465152134683     
   60.209999999999994        2.1333333333333333        2.1334142381797894     
   60.299999999999990        2.1333333333333333        2.1338828561462950     
   60.389999999999993        2.1338888888888889        2.1343523701320390     
   60.479999999999990        2.1344444444444446        2.1348227811588796     
   60.570000000000000        2.1349999999999998        2.1352940902513926     
   60.659999999999989        2.1355555555555554        2.1357662984369461     
   60.750000000000000        2.1361111111111111        2.1362394067456782     
   60.840000000000011        2.1366666666666667        2.1367134162104851     
   60.930000000000000        2.1366666666666667        2.1371883278670651     
   61.019999999999996        2.1372222222222224        2.1376641427539149     
   61.109999999999999        2.1377777777777780        2.1381408619123308     
   61.199999999999996        2.1383333333333336        2.1386184863864153     
   61.289999999999999        2.1388888888888888        2.1390970172230981     
   61.380000000000003        2.1394444444444445        2.1395764554721128     
   61.470000000000006        2.1400000000000001        2.1400568021860451     
   61.560000000000002        2.1400000000000001        2.1405380584203191     
   61.650000000000013        2.1405555555555558        2.1410202252332087     
   61.740000000000002        2.1411111111111110        2.1415033036858273     
   61.829999999999991        2.1416666666666671        2.1419872948421728     
   61.920000000000002        2.1422222222222222        2.1424721997691050     
   62.009999999999991        2.1427777777777779        2.1429580195363651     
   62.100000000000001        2.1433333333333331        2.1434447552165907     
   62.190000000000005        2.1438888888888892        2.1439324078852877     
   62.280000000000001        2.1438888888888892        2.1444209786208983     
   62.369999999999983        2.1444444444444444        2.1449104685047780     
   62.460000000000015        2.1450000000000000        2.1454008786211514     
   62.549999999999997        2.1455555555555552        2.1458922100572186     
   62.639999999999993        2.1461111111111113        2.1463844639031180     
   62.729999999999997        2.1466666666666665        2.1468776412518946     
   62.819999999999993        2.1472222222222221        2.1473717431995789     
   62.909999999999997        2.1477777777777778        2.1478667708451473     
   63.000000000000000        2.1483333333333334        2.1483627252905451     
   63.090000000000003        2.1483333333333334        2.1488596076407096     
   63.180000000000007        2.1488888888888891        2.1493574190035272     
   63.270000000000010        2.1494444444444443        2.1498561604899158     
   63.360000000000007        2.1500000000000004        2.1503558332137693     
   63.449999999999996        2.1505555555555556        2.1508564382920219     
   63.539999999999992        2.1511111111111112        2.1513579768445892     
   63.629999999999995        2.1516666666666668        2.1518604499944249     
   63.719999999999992        2.1522222222222225        2.1523638588675427     
   63.810000000000002        2.1527777777777777        2.1528682045929615     
   63.899999999999991        2.1533333333333333        2.1533734883027869     
   63.990000000000002        2.1533333333333333        2.1538797111321704     
   64.079999999999998        2.1538888888888890        2.1543868742193251     
   64.170000000000002        2.1544444444444446        2.1548949787055633     
   64.259999999999991        2.1549999999999998        2.1554040257352551     
   64.349999999999994        2.1555555555555559        2.1559140164558963     
   64.439999999999998        2.1561111111111111        2.1564249520180785     
   64.530000000000001        2.1566666666666667        2.1569368335754917     
   64.620000000000005        2.1572222222222219        2.1574496622849630     
   64.709999999999994        2.1577777777777780        2.1579634393064482     
   64.799999999999983        2.1583333333333332        2.1584781658030430     
   64.890000000000015        2.1588888888888889        2.1589938429409852     
   64.980000000000004        2.1594444444444445        2.1595104718896811     
   65.069999999999993        2.1600000000000001        2.1600280538216952     
   65.159999999999997        2.1600000000000001        2.1605465899127605     
   65.250000000000000        2.1605555555555558        2.1610660813418314     
   65.340000000000003        2.1611111111111110        2.1615865292910095     
   65.430000000000007        2.1616666666666671        2.1621079349456198     
   65.519999999999996        2.1622222222222223        2.1626302994942130     
   65.609999999999985        2.1627777777777779        2.1631536241285514     
   65.700000000000017        2.1633333333333331        2.1636779100436088     
   65.790000000000006        2.1638888888888892        2.1642031584376182     
   65.879999999999995        2.1644444444444444        2.1647293705120765     
   65.969999999999999        2.1650000000000000        2.1652565474717149     
   66.060000000000002        2.1655555555555557        2.1657846905245277     
   66.150000000000006        2.1661111111111113        2.1663138008818157     
   66.240000000000009        2.1666666666666665        2.1668438797581482     
   66.329999999999998        2.1672222222222222        2.1673749283714052     
   66.420000000000002        2.1677777777777778        2.1679069479427495     
   66.510000000000019        2.1683333333333334        2.1684399396966714     
   66.599999999999994        2.1688888888888886        2.1689739048610015     
   66.689999999999998        2.1694444444444447        2.1695088446668773     
   66.780000000000001        2.1699999999999999        2.1700447603488113     
   66.869999999999990        2.1705555555555556        2.1705816531446529     
   66.959999999999994        2.1705555555555556        2.1711195242956070     
   67.050000000000011        2.1711111111111112        2.1716583750462837     
   67.140000000000001        2.1716666666666669        2.1721982066446515     
   67.230000000000004        2.1722222222222225        2.1727390203420858     
   67.319999999999993        2.1727777777777777        2.1732808173933447     
   67.409999999999997        2.1733333333333333        2.1738235990566457     
   67.500000000000000        2.1738888888888890        2.1743673665935757     
   67.590000000000003        2.1744444444444446        2.1749121212691955     
   67.679999999999993        2.1749999999999998        2.1754578643520004     
   67.769999999999996        2.1755555555555559        2.1760045971139261     
   67.859999999999999        2.1761111111111111        2.1765523208303916     
   67.950000000000003        2.1766666666666667        2.1771010367802837     
   68.040000000000006        2.1772222222222219        2.1776507462459720     
   68.129999999999995        2.1777777777777780        2.1782014505133294     
   68.219999999999999        2.1783333333333332        2.1787531508717266     
   68.310000000000002        2.1788888888888889        2.1793058486140509     
   68.400000000000006        2.1794444444444445        2.1798595450367357     
   68.489999999999995        2.1800000000000002        2.1804142414397121     
   68.579999999999998        2.1805555555555554        2.1809699391264914     
   68.670000000000002        2.1811111111111110        2.1815266394041535     
   68.760000000000005        2.1816666666666666        2.1820843435833033     
   68.849999999999994        2.1822222222222223        2.1826430529781793     
   68.939999999999998        2.1827777777777779        2.1832027689065527     
   69.030000000000001        2.1833333333333336        2.1837634926898599     
   69.120000000000005        2.1838888888888892        2.1843252256530841     
   69.209999999999994        2.1844444444444444        2.1848879691248886     
   69.299999999999997        2.1850000000000001        2.1854517244375269     
   69.390000000000001        2.1855555555555557        2.1860164929269303     
   69.480000000000004        2.1861111111111113        2.1865822759326763     
   69.569999999999993        2.1866666666666665        2.1871490747979925     
   69.659999999999982        2.1872222222222222        2.1877168908697890     
   69.750000000000000        2.1877777777777778        2.1882857254986909     
   69.840000000000003        2.1883333333333335        2.1888555800390139     
   69.929999999999993        2.1888888888888887        2.1894264558487615     
   70.019999999999996        2.1894444444444447        2.1899983542896670     
   70.109999999999999        2.1905555555555556        2.1905712767272285     
   70.200000000000003        2.1911111111111108        2.1911452245306573     
   70.290000000000006        2.1916666666666669        2.1917201990729374     
   70.379999999999995        2.1922222222222221        2.1922962017308003     
   70.469999999999985        2.1927777777777777        2.1928732338847996     
   70.560000000000002        2.1933333333333334        2.1934512969192368     
   70.650000000000006        2.1938888888888890        2.1940303922222282     
   70.739999999999995        2.1944444444444446        2.1946105211857332     
   70.829999999999998        2.1949999999999998        2.1951916852054878     
   70.920000000000002        2.1955555555555559        2.1957738856811062     
   71.010000000000005        2.1961111111111111        2.1963571240160378     
   71.099999999999994        2.1966666666666668        2.1969414016175892     
   71.189999999999998        2.1972222222222224        2.1975267198969584     
   71.279999999999987        2.1977777777777781        2.1981130802692057     
   71.370000000000019        2.1983333333333333        2.1987004841533029     
   71.459999999999994        2.1988888888888889        2.1992889329721237     
   71.549999999999997        2.1994444444444445        2.1998784281524841     
   71.640000000000001        2.2000000000000002        2.2004689711250958     
   71.730000000000004        2.2005555555555554        2.2010605633246674     
   71.819999999999979        2.2011111111111110        2.2016532061898069     
   71.910000000000011        2.2022222222222223        2.2022469011631394     
   72.000000000000000        2.2027777777777775        2.2028416496912557     
   72.089999999999989        2.2033333333333336        2.2034374532247281     
   72.180000000000021        2.2038888888888888        2.2040343132181692     
   72.269999999999996        2.2044444444444444        2.2046322311301960     
   72.359999999999999        2.2050000000000001        2.2052312084234353     
   72.450000000000003        2.2055555555555557        2.2058312465646019     
   72.540000000000006        2.2061111111111114        2.2064323470244305     
   72.629999999999981        2.2066666666666666        2.2070345112777479     
   72.720000000000013        2.2072222222222226        2.2076377408034666     
   72.810000000000002        2.2077777777777778        2.2082420370845783     
   72.900000000000006        2.2083333333333335        2.2088474016082040     
   72.989999999999995        2.2094444444444448        2.2094538358655651     
   73.079999999999998        2.2100000000000000        2.2100613413520391     
   73.170000000000002        2.2105555555555556        2.2106699195671404     
   73.260000000000005        2.2111111111111112        2.2112795720145435     
   73.349999999999994        2.2116666666666669        2.2118903002020986     
   73.439999999999998        2.2122222222222221        2.2125021056418581     
   73.530000000000015        2.2127777777777777        2.2131149898500482     
   73.620000000000005        2.2133333333333334        2.2137289543471246     
   73.709999999999994        2.2138888888888890        2.2143440006577859     
   73.799999999999997        2.2144444444444442        2.2149601303109359     
   73.890000000000001        2.2155555555555555        2.2155773448397698     
   73.980000000000004        2.2161111111111111        2.2161956457817165     
   74.070000000000007        2.2166666666666668        2.2168150346785152     
   74.159999999999997        2.2172222222222224        2.2174355130761882     
   74.250000000000000        2.2177777777777781        2.2180570825250783     
   74.340000000000018        2.2183333333333333        2.2186797445798105     
   74.430000000000007        2.2188888888888889        2.2193035007994086     
   74.519999999999996        2.2194444444444446        2.2199283527472007     
   74.609999999999999        2.2200000000000002        2.2205543019908962     
   74.700000000000003        2.2211111111111115        2.2211813501025794     
   74.790000000000006        2.2216666666666667        2.2218094986587249     
   74.879999999999995        2.2222222222222223        2.2224387492402284     
   74.969999999999999        2.2229411764705880        2.2230691034323917     
   75.060000000000002        2.2235294117647060        2.2237005628249613     
   75.150000000000006        2.2241176470588235        2.2243331290121198     
   75.239999999999995        2.2247058823529411        2.2249668035925247     
   75.329999999999998        2.2252941176470586        2.2256015881693090     
   75.420000000000002        2.2258823529411766        2.2262374843501069     
   75.510000000000005        2.2264705882352942        2.2268744937470544     
   75.599999999999994        2.2270588235294118        2.2275126179767986     
   75.689999999999998        2.2276470588235293        2.2281518586605298     
   75.780000000000001        2.2282352941176473        2.2287922174240031     
   75.870000000000005        2.2294117647058824        2.2294336958975363     
   75.959999999999994        2.2300000000000004        2.2300762957159925     
   76.049999999999997        2.2305882352941175        2.2307200185189089     
   76.140000000000001        2.2311764705882351        2.2313648659503404     
   76.230000000000004        2.2317647058823527        2.2320108396590412     
   76.320000000000007        2.2323529411764707        2.2326579412983740     
   76.409999999999997        2.2329411764705882        2.2333061725263637     
   76.500000000000000        2.2335294117647058        2.2339555350057037     
   76.590000000000003        2.2341176470588238        2.2346060304037887     
   76.680000000000007        2.2347058823529413        2.2352576603927039     
   76.769999999999996        2.2358823529411764        2.2359104266492444     
   76.859999999999999        2.2364705882352944        2.2365643308549608     
   76.949999999999989        2.2370588235294120        2.2372193746961488     
   77.040000000000006        2.2376470588235295        2.2378755598638569     
   77.130000000000010        2.2382352941176471        2.2385328880539328     
   77.219999999999999        2.2388235294117647        2.2391913609669847     
   77.310000000000002        2.2394117647058822        2.2398509803084869     
   77.400000000000006        2.2399999999999998        2.2405117477886969     
   77.489999999999981        2.2405882352941178        2.2411736651227367     
   77.579999999999998        2.2417647058823529        2.2418367340306000     
   77.670000000000002        2.2423529411764704        2.2425009562371332     
   77.759999999999991        2.2429411764705884        2.2431663334720779     
   77.849999999999994        2.2435294117647060        2.2438328674701138     
   77.939999999999998        2.2441176470588236        2.2445005599708225     
   78.030000000000001        2.2447058823529416        2.2451694127187323     
   78.120000000000005        2.2452941176470591        2.2458394274633280     
   78.209999999999994        2.2464705882352938        2.2465106059590840     
   78.299999999999983        2.2470588235294118        2.2471829499654343     
   78.390000000000015        2.2476470588235293        2.2478564612468745     
   78.480000000000004        2.2482352941176469        2.2485311415728684     
   78.569999999999993        2.2488235294117649        2.2492069927179754     
   78.659999999999997        2.2494117647058824        2.2498840164617735     
   78.750000000000000        2.2500000000000000        2.2505622145889470     
   78.840000000000003        2.2511764705882356        2.2512415888892394     
   78.930000000000007        2.2517647058823531        2.2519221411575616     
   79.019999999999996        2.2523529411764707        2.2526038731938911     
   79.109999999999985        2.2529411764705887        2.2532867868033826     
   79.200000000000017        2.2535294117647062        2.2539708837963719     
   79.290000000000006        2.2541176470588233        2.2546561659883286     
   79.379999999999995        2.2552941176470589        2.2553426351999701     
   79.469999999999999        2.2558823529411764        2.2560302932571861     
   79.560000000000002        2.2564705882352940        2.2567191419911423     
   79.650000000000006        2.2570588235294116        2.2574091832382179     
   79.740000000000009        2.2576470588235296        2.2581004188400913     
   79.829999999999998        2.2582352941176471        2.2587928506437254     
   79.920000000000002        2.2594117647058827        2.2594864805013462     
   80.010000000000019        2.2600000000000002        2.2601813102705677     
   80.099999999999994        2.2605882352941178        2.2608773418143278     
   80.189999999999998        2.2611764705882353        2.2615745770008799     
   80.280000000000001        2.2617647058823529        2.2622730177039050     
   80.370000000000005        2.2629411764705880        2.2629726658024789     
   80.459999999999994        2.2635294117647060        2.2636735231810614     
   80.550000000000011        2.2641176470588236        2.2643755917295763     
   80.640000000000001        2.2647058823529411        2.2650788733433957     
   80.730000000000004        2.2652941176470587        2.2657833699233580     
   80.819999999999993        2.2664705882352942        2.2664890833758049     
   80.909999999999997        2.2670588235294118        2.2671960156125710     
   81.000000000000000        2.2676470588235298        2.2679041685510124     
   81.090000000000003        2.2682352941176473        2.2686135441140722     
   81.180000000000007        2.2688235294117649        2.2693241442302203     
   81.269999999999996        2.2700000000000000        2.2700359708335598     
   81.359999999999999        2.2705882352941176        2.2707490258637457     
   81.450000000000003        2.2711764705882351        2.2714633112661020     
   81.540000000000020        2.2717647058823527        2.2721788289915832     
   81.629999999999995        2.2723529411764707        2.2728955809967992     
   81.719999999999999        2.2735294117647058        2.2736135692440649     
   81.810000000000002        2.2741176470588238        2.2743327957013788     
   81.899999999999991        2.2747058823529414        2.2750532623424888     
   81.989999999999995        2.2752941176470589        2.2757749711468720     
   82.079999999999998        2.2764705882352945        2.2764979240997718     
   82.170000000000002        2.2770588235294120        2.2772221231922174     
   82.259999999999991        2.2776470588235291        2.2779475704210559     
   82.349999999999994        2.2782352941176471        2.2786742677889489     
   82.439999999999998        2.2788235294117647        2.2794022173043986     
   82.530000000000001        2.2799999999999998        2.2801314209817973     
   82.620000000000005        2.2805882352941178        2.2808618808414058     
   82.709999999999994        2.2811764705882354        2.2815935989094056     
   82.799999999999997        2.2817647058823529        2.2823265772178960     
   82.890000000000001        2.2829411764705885        2.2830608178049472     
   82.980000000000004        2.2835294117647060        2.2837963227145797     
   83.069999999999993        2.2841176470588236        2.2845330939968114     
   83.159999999999997        2.2847058823529416        2.2852711337076967     
   83.250000000000000        2.2858823529411763        2.2860104439093023     
   83.340000000000003        2.2864705882352938        2.2867510266697564     
   83.429999999999993        2.2870588235294118        2.2874928840632860     
   83.519999999999996        2.2876470588235294        2.2882360181701973     
   83.609999999999999        2.2888235294117649        2.2889804310769102     
   83.700000000000003        2.2894117647058825        2.2897261248760294     
   83.789999999999992        2.2900000000000000        2.2904731016662958     
   83.879999999999995        2.2911764705882356        2.2912213635526322     
   83.969999999999999        2.2917647058823531        2.2919709126462076     
   84.060000000000002        2.2923529411764707        2.2927217510643807     
   84.150000000000006        2.2929411764705883        2.2934738809308102     
   84.239999999999995        2.2941176470588234        2.2942273043753962     
   84.329999999999998        2.2947058823529409        2.2949820235343528     
   84.420000000000002        2.2952941176470589        2.2957380405502410     
   84.510000000000005        2.2964705882352940        2.2964953575719296     
   84.599999999999994        2.2970588235294120        2.2972539767546842     
   84.689999999999998        2.2976470588235296        2.2980139002601505     
   84.780000000000001        2.2982352941176472        2.2987751302563915     
   84.870000000000005        2.2994117647058827        2.2995376689179219     
   84.959999999999994        2.3000000000000003        2.3003015184256910     
   85.049999999999997        2.3005882352941178        2.3010666809671649     
   85.140000000000001        2.3017647058823529        2.3018331587363128     
   85.230000000000004        2.3023529411764705        2.3026009539336116     
   85.319999999999993        2.3029411764705880        2.3033700687661329     
   85.409999999999997        2.3041176470588236        2.3041405054475099     
   85.500000000000000        2.3047058823529412        2.3049122661979733     
   85.590000000000003        2.3052941176470587        2.3056853532444030     
   85.679999999999993        2.3058823529411767        2.3064597688203148     
   85.769999999999996        2.3070588235294118        2.3072355151659156     
   85.859999999999999        2.3076470588235298        2.3080125945281051     
   85.950000000000003        2.3082352941176474        2.3087910091605237     
   86.040000000000006        2.3094117647058821        2.3095707613235632     
   86.129999999999995        2.3100000000000001        2.3103518532843554     
   86.219999999999999        2.3105882352941176        2.3111342873168894     
   86.310000000000002        2.3117647058823532        2.3119180657019460     
   86.400000000000006        2.3123529411764707        2.3127031907271838     
   86.489999999999995        2.3129411764705883        2.3134896646870931     
   86.579999999999998        2.3141176470588238        2.3142774898831431     
   86.670000000000002        2.3147058823529414        2.3150666686236478     
   86.760000000000005        2.3152941176470589        2.3158572032239304     
   86.849999999999994        2.3164705882352941        2.3166490960062873     
   86.939999999999998        2.3170588235294116        2.3174423492999980     
   87.030000000000001        2.3182352941176472        2.3182369654413995     
   87.120000000000005        2.3188235294117647        2.3190329467738922     
   87.209999999999994        2.3194117647058823        2.3198302956479115     
   87.299999999999997        2.3205882352941178        2.3206290144210833     
   87.390000000000001        2.3211764705882354        2.3214291054581020     
   87.480000000000004        2.3217647058823530        2.3222305711308593     
   87.570000000000007        2.3229411764705885        2.3230334138184499     
   87.659999999999997        2.3235294117647061        2.3238376359071449     
   87.750000000000000        2.3241176470588236        2.3246432397905181     
   87.840000000000003        2.3252941176470587        2.3254502278693714     
   87.930000000000007        2.3258823529411763        2.3262586025518290     
   88.019999999999996        2.3270588235294118        2.3270683662533331     
   88.109999999999999        2.3276470588235294        2.3278795213966861     
   88.200000000000003        2.3282352941176470        2.3286920704120706     
   88.290000000000006        2.3294117647058825        2.3295060157371053     
   88.379999999999995        2.3300000000000001        2.3303213598168058     
   88.469999999999999        2.3305882352941176        2.3311381051036890     
   88.560000000000002        2.3317647058823532        2.3319562540577627     
   88.650000000000006        2.3323529411764703        2.3327758091465429     
   88.739999999999995        2.3335294117647059        2.3335967728451235     
   88.829999999999998        2.3341176470588234        2.3344191476361540     
   88.920000000000002        2.3347058823529410        2.3352429360099234     
   89.010000000000005        2.3358823529411765        2.3360681404643326     
   89.100000000000009        2.3364705882352941        2.3368947635049788     
   89.189999999999998        2.3376470588235296        2.3377228076451360     
   89.280000000000001        2.3382352941176472        2.3385522754058159     
   89.370000000000005        2.3388235294117647        2.3393831693158074     
   89.460000000000008        2.3399999999999999        2.3402154919116329     
   89.549999999999997        2.3405882352941174        2.3410492457376924     
   89.640000000000001        2.3417647058823530        2.3418844333462165     
   89.730000000000004        2.3423529411764705        2.3427210572972812     
   89.820000000000007        2.3435294117647061        2.3435591201589085     
   89.909999999999997        2.3441176470588236        2.3443986245070487     
   90.000000000000000        2.3447058823529412        2.3452395729256108     
